hardware/ese-rust-board/ese-rust-board.kicad_sch
  h_2e4fad1f0ddac3 9350,11949
hardware/ese-rust-board/usb.kicad_sch
  h_2e4fad1f0ddac3 1996,2006,2012,2018,2024,2030,2036,2042,2048,2054,2060,2066,2072,2078,2084,2090,2094,2099,2109,2119,2129,2139,2149,2159,2169,2179,2189,2199,2209,2219,2229,2239,2249,2259,2269,2279,2289,2299,2309,2319,2329,2339,2349,2359,2369,2379,2389,2399,2409,2419,2429,2439,2449,2459,2469,2479,2489,2499,2509,2519,2529,2539,2549,2559,2569,2579,2589,2599,2609,2619,2630,2641,2652,2662,2672,2682,2693,2704,2715,2742,2753,2764,2774,2785,2796,2820,2831,2842,2853,2864,2875,2886,2897,2924,2934,2944,2954,2965,2976,2987,3014,3025,3036,3047,3058,3069,3080,3091,3118,3129,3140,3151,3162,3173,3197,3208,3219,3230,3241,3252,3276,3287,3298,3308,3319,3330,3354,3365,3376,3386,3397,3408,3432,3442,3452,3462,3473,3484,3495,3522,3533,3544,3555,3566,3577,3601,3612,3623,3634,3645,3656,3680,3691,3701,3711,3722,3733,3781,3791,3801,3811,3822,3833,3844,3871,3882,3892,3902,3913,3924,3996,4006,4016,4026,4037,4048,4059,4086,4096,4106,4116,4127,4138,4149,4160,4171
---
{
  "schema_version": "authorship/3.0.0",
  "git_ai_version": "1.7.4",
  "base_commit_sha": "346be15ca72028a990d4cfa583d0a82705287659",
  "prompts": {},
  "humans": {
    "h_2e4fad1f0ddac3": {
      "author": "JuliDi <julian@systemscape.de>"
    }
  }
}