hardware/ese-rust-board/RP_DEBUGGER.kicad_sch
  h_2e4fad1f0ddac3 3309,3402-3407,3826-3835,4036-4045,4196-4205,4276-4285,4386-4395,4576-4585,4926-4935,4986-4995,5486,7034,7042,7045,7052,7055-7056,7063,7067,7078,7089,7099-7100,7978,7989,8000,8007,8011,8022,8033,10149,10157,10160,10167,10170-10171,10178,10182,10193,10204,10214-10215
hardware/ese-rust-board/ese-rust-board.kicad_pro
  h_2e4fad1f0ddac3 742
hardware/ese-rust-board/ese-rust-board.kicad_sch
  h_2e4fad1f0ddac3 3789,4057-4062,4405-4414,4675-4684,5215-5224,5447,5585-5594,6017,6023,6027,6033,6125-6134,6475-6476,6565,6965,6976,6983,6986-6987,6994,6998,7009,7020,7030-7031,10225,10236,10247,10254,10258,10269,10280,11598,11609,11616,11619-11620,11627,11631,11642,11653,11663-11664
hardware/ese-rust-board/usb.kicad_sch
  h_2e4fad1f0ddac3 3381,3399-3405,3411,3447,3459,3465-3471,3501,3507,3519,3537,3676,3716,3776,3856,3906,3916,3936,3946,3986,3994-4003,4036,4084-4093,4186,4216,4326,4386,4406,4436,4456,4486,4566,4656,4676,4706,4756,4766,4776,4816,4826,4946,4966,5089,5714,5725,5736,5746,5757,5768,5971,5982,5993,6004,6015,6026,6037,6048,6938,6949,6960,6971,6982,6993,7004,7015,7132,7143,7154,7165,7176,7187,7209-7312,7315,7326,7337,7348,7359,7370,7630,7640,7650,7660,7671,7682,7693,8125,8136,8146,8156,8167,8178,8675,8686,8696-8697,8708,8719,8730,8740-8741,8751-8752,9276,9286,9296,9306,9317,9328,9339,9350,9361
---
{
  "schema_version": "authorship/3.0.0",
  "git_ai_version": "1.7.4",
  "base_commit_sha": "7f65cce36df8c7bd1aeb686761d11e547ac7e7fd",
  "prompts": {},
  "humans": {
    "h_2e4fad1f0ddac3": {
      "author": "JuliDi <julian@systemscape.de>"
    }
  }
}