hardware/ese-rust-board/BME690.kicad_sch
  h_2e4fad1f0ddac3 817-829
hardware/ese-rust-board/RP_DEBUGGER.kicad_sch
  h_2e4fad1f0ddac3 3232-3265,3287-3296,3818,3898,3908,3918,3978,4018,4188,4268,4278,4318,4618,4628,4788,4828,4918,5158,5297,5302,5317,5322,5347,5352,5378,5389,5400,5422,5455,5488,6048,6058,6068,6078,6089,6100,6111,6138,6148,6158,6168,6179,6190,6201,7878,7888,7899,7909,7920,7931,8034-8035,8046,8057,8067,8078,8089,8658,8669,8680,8691,8702,8713,8724,9485,9495,9505,9515,9526,9537,9548
hardware/ese-rust-board/ese-rust-board.kicad_pro
  h_2e4fad1f0ddac3 742
hardware/ese-rust-board/ese-rust-board.kicad_sch
  h_2e4fad1f0ddac3 3800,3885-3886,4387,4497,4517,4557,4657,4667,4777,4837,5087,5117,5337,5347,5417,5447,5557,5647,5747,5827,6077,6157,6167,6177,6386,6526,6556,6616,6636,9778,9789,9800,9810,9821,9832,12994,13004,13014,13034,13044,13062,13078,13089,13100,13110,13120,13130,13140,13150,13160,13170,13180,13190,13296,13334,13350,13361,13372,13382,13392,13402
hardware/ese-rust-board/usb.kicad_sch
  h_2e4fad1f0ddac3 3210-3211,3234-3235,3246-3247,3271,3294,3315,3325,3335,3429,3447,3465,3501,3549,3591,3632-3641,3694,3734,3804,4004,4064,4074,4142-4151,4162-4171,4184,4394,4552-4561,4574,4794-4804,4882-4891,4914,4974,5033,5109,5120,5131,5528,5539,5549,5559,5570,5581,5592,5878,5888,6463,7288,7299,7310,7320,7331,7342,7366,7377,7388,7395,7399,7410,7421,7614,7625,7636,7647,7658,7669,7693,7704,7715,7722,7726,7737,7748,7940,7951,7962,7973,7984,7995,8974,9079,9090,9100,9110,9121,9132,9143
---
{
  "schema_version": "authorship/3.0.0",
  "git_ai_version": "1.7.4",
  "base_commit_sha": "3334b0d2a94c5bf30d0073de9ef210ed47ad9495",
  "prompts": {},
  "humans": {
    "h_2e4fad1f0ddac3": {
      "author": "JuliDi <julian@systemscape.de>"
    }
  }
}