hardware/ese-rust-board/BME690.kicad_sch
  h_2e4fad1f0ddac3 1426,1486,1619,1679
hardware/ese-rust-board/RP_DEBUGGER.kicad_sch
  h_2e4fad1f0ddac3 3304-3309,3328-3333,3412-3417,3442-3447,3742-3761,3842-3851,4012-4021,4072-4081,4342-4351,4392-4401,4422-4431,4562-4571,4852-4861,4882-4891,4922-4931,5242-5251,5464,5561,5579,5676,5693,5790,5809,5906,6013,6086,6104,6183,6278,6375,6393,6468-6545,6563,6623,6640,6737,6754,6849,6856-6857,6865-6867,6872,6874,6877-6878,6885,6888-6889,6900,6910-6911,6921-6922,6932-7045,7053,7269,7366,7383,7443-7557,7730,7827,7844,7904,7922,7983,8001,8061,8509,8606,8624,8705,8724,8821,8838,8935,8952,9049,9068,9165-9279,9296,9356,9373,9433,9450,9523,9540,9600,9694,9791,9808,9905,10054-10064,10091,10164,10181,10278,10295,10355,10373,10433
hardware/ese-rust-board/ese-rust-board.kicad_pro
  h_2e4fad1f0ddac3 538,742
hardware/ese-rust-board/ese-rust-board.kicad_sch
  h_2e4fad1f0ddac3 3903-3908,3927-3932,4011-4022,4333-4352,4643-4652,4673-4682,4693-4702,5033-5042,5073-5082,5093-5102,5173-5182,5313-5322,5613-5622,5663-5672,6163-6172,6193-6202,6313-6322,6383-6392,6443-6452,6603-6612,6885,6945,6963,7036,7053,7150,7168,7228,7245,7305,7323,7396,7413,7488,7506,7566,7583,7643,7661,7984,7991-7992,8000-8002,8009,8012-8013,8020,8023-8024,8035,8045-8046,8056-8058,8063,8067-8069,8078-8216,8268,8285,8382,8399,8496,8513,8573,8590,8687,8704,8801,8819,8879,8897,8970,8988,9048,9065,9125,9143,9207,9226,9323-9437,9456,9553,9671,9715-9798,9807-9808,9818-9819,9829-9830,9841,9846,9853-9854,9862-9864,9874-9875,9884-9885,9896,9906-9907,9918,9923,9940,10013,10030,10125,10143,10203,10221,10282,10299,10396,10413,10486,10503,10576,10593,10653,10670,10730,10747,10844,10861,10958,10975,11072,11090,11150,11168,11232,11249,11322,11340,11408,11426,11486,11503,11576,11594,11667,11763-11876,11888,11985,12080,12141,12159,12234,12251,12326,12475-12485,12512,12609,12705,12802,12820,12917,13041-13050
hardware/ese-rust-board/usb.kicad_sch
  h_2e4fad1f0ddac3 3386-3391,3548-3553,3862-3871,3894,3984,4062-4071,4134,4604,4794,4844,4952-4961,5078,5142,5215,5232,5307,5326,5399,5418,5500,5518,5591,5609,5684,5702,5762,5780,5840,5857,5941,5959,6045,6063,6149,6167,6227,6244,6317,6558,6618,6636,6722,6739,6812,6829,6908,6926,7012,7029,7102,7268,7278-7279,7290,7300,7311,7322,7338,7356,7416,7512,7585,7603,7664,7682,7742,7759,7832,7850,7910,8107,8186,8204,8279,8297,8357,8375,8461,8479,8539,8557,8643,8740,8834,8851,8924,9067,9140
---
{
  "schema_version": "authorship/3.0.0",
  "git_ai_version": "1.7.4",
  "base_commit_sha": "1d2ec8233e9f77413cf85c3c4a91e211d458c05b",
  "prompts": {},
  "humans": {
    "h_2e4fad1f0ddac3": {
      "author": "JuliDi <julian@systemscape.de>"
    }
  }
}