hardware/ese-rust-board/RP_DEBUGGER.kicad_sch
  h_2e4fad1f0ddac3 2684-2847,3265,3684,3712-3721,3784-3794,3804,3854,3894,4034,4112-4131,4164,4242-4251,4284,4294,4314,4364,4402-4421,4472-4481,4504,4510,4554,4560,4564,4570,4602-4611,4702-4711,4772-4781,4864,4874,4880,4884,4890,4894,4900,4962-4963,4972-4973,4982-4993,5012-5013,5022-5023,5042-5043,5054,5063-5084,5087,5098,5109,5120,5129-5139,5555-5633,5636,5646,5656,5666,5677,5688,5715-5716,5726,5735-5736,5745-5746,5757,5768,6790-6867,6973-7050,7061,7072,7082,7093,7104,7126-7204,7649-7736,8309,8319,8329,8339,8350,8361
hardware/ese-rust-board/ese-rust-board.kicad_pro
  h_2e4fad1f0ddac3 664
hardware/ese-rust-board/ese-rust-board.kicad_sch
  h_2e4fad1f0ddac3 3932,3957,3967,3977,3988,3998,4018,4036,4054,4090,4096,4102,4108,4132,4138,4156,4168,4174,4186,4192,4234,4258,4318,4342,4354,4358,4362,4366,4370,4374,4378,4382,4386,4390,4394,4398,4402,4406,4410,4414,4418,4422,4426,4430,4434,4438,4442,4446,4450,4454,4458,4462,4466,4470,4474,4478,4482,4486,4491,4511,4521,4531,4561,4581,4601,4611,4631,4641,4671,4691,4711,4721,4731,4741,4771,4831,4841,4861,4891,4901,4911,4921,4941,4951,4961,4981,4991,5011,5021,5051,5131,5141,5161,5181,5221,5261,5271,5281-5291,5301,5311,5341,5351,5361,5401,5411,5421,5431,5451,5471,5491,5531,5541,5561,5581,5601,5631,5641,5661,5671,5701,5721,5731,5741,5751,5761,5811,5821,5881,5941,5981-5991,6011,6031,6061,6081,6101,6111,6121,6131,6141,6181,6191,6201,6221,6241,6251,6271,6291,6301,6311,6331,6341,6381,6391,6401,6421,6451,6471,6501,6540,6550,6590,6600,6630,6640,6650,6660,6670,6680,6690,6700,6730,6740,6750,6770,6780,6790,6810,6820,6851,6861,6872,6883,6894,6905,6916,6927,7141,7152,7163,7173,7184,7195,7219,7229,7240,7250,7261,7272,7296,7307,7317,7327,7338,7349,7613,7623,7634,7644,7655,7666,7690,7701,7712,7723,7734,7745,7756,7767,8031,8042,8053,8063,8074,8085,8396,8406,8417,8427,8438,8449,8733,8743,8754,8765,8776,8787,8798,8809,8914,8925,8935,8945,8956,8967,8994,9005,9016,9026,9037,9048,9231,9243,9254,9265,9276,9287,9298,9309,9492,9504,9515,9526,9537,9548,9559,9570,9685,9697,9708,9719,9730,9741,9752,9763,9790,9801,9812,9822,9833,9844,9868,9878,9888,9898,9909,9920,10050,10060,10070,10080,10091,10102,10113,10124,10151,10162,10173,10183,10194,10205,10667,10677,10688,10698,10709,10720,11005,11015,11026,11037,11048,11059,11070,11081,11797,11808,11819,11829,11840,11851,12136,12147,12158,12168,12179,12190,12214,12225,12236,12247,12258,12269,12296,12306,12317,12328,12339,12350,12377,12387,12398,12409,12420,12431,12442,12453,12464,12475,12486,12497,12508,12638,12650,12661,12671,12682,12693,12820,12831,12842,12853,12864,12875,12886,12897,12923,12938,12949,12960,12970,12980,12998,13014,13025,13036,13046,13056,13066,13076,13086,13096,13106,13116,13126,13144,13160,13171,13182,13192,13202,13212,13222
---
{
  "schema_version": "authorship/3.0.0",
  "git_ai_version": "1.7.4",
  "base_commit_sha": "8fae0f45e76f84d0a69a327d98ab5e7c052d6500",
  "prompts": {},
  "humans": {
    "h_2e4fad1f0ddac3": {
      "author": "JuliDi <julian@systemscape.de>"
    }
  }
}