hardware/ese-rust-board/RP_DEBUGGER.kicad_sch
  h_2e4fad1f0ddac3 7595,7628-7638,9522,9555-9565,10189,10216-10226
hardware/ese-rust-board/ese-rust-board.kicad_pro
  h_2e4fad1f0ddac3 706,768
hardware/ese-rust-board/ese-rust-board.kicad_sch
  h_2e4fad1f0ddac3 4242-4247,4290-4295,4369,4372,4375,4378,4684-4703,4754-4763,4906,5156,5656,5716,6076,6524-6533,6714-6723,6846,7863,10513,10523,10534,10545,10556,10567,10578,10814,10874,10891,10964,11265,11325,11625,11698,12439,14645-14654
hardware/ese-rust-board/usb.kicad_sch
  h_2e4fad1f0ddac3 3737,3919,3925,3949,3967,4003,4008-4019,4027,4045,4069,4244,4262-4271,4374,4494,4534,4574,4602-4611,4634,4640,4644,4650,4654,4660,4664,4670,4732-4741,4764-4784,4824,4854,4914,4924,4934,4944,4954,4974,5052-5061,5082-5091,5142-5151,5184,5204,5274,5314-5324,5344,5352-5361,5434,5444,5454,5504,5514-5524,5554,5584,5664,5734,5868,5879,5901,5934,5956,5967,5977,5986-5987,5997,6008,6019,6029-6030,6537-6538,6570,6581,6592,6603,6786,6796,6806,6816,6827,6838,6849,6860,7442,7453,7464,7475,7486,7497,7508,7842,7853-7854,7864,7874,7885,7896,7907,7926,8022-8114,8486,8497,8508,8519,8530,8541,8552,8681-8773,8855,8866,8877,8887,8898,8909,9090,9101,9112,9123,9134,9145,10498,10509,10520,10530,10541,10552,10576,10588,10599,10610,10621,10632
---
{
  "schema_version": "authorship/3.0.0",
  "git_ai_version": "1.7.5",
  "base_commit_sha": "d16765c972adddf0d3bca4583c2478febb87b4be",
  "prompts": {},
  "humans": {
    "h_2e4fad1f0ddac3": {
      "author": "JuliDi <julian@systemscape.de>"
    }
  }
}