hardware/ese-rust-board/BME690.kicad_sch
  h_2e4fad1f0ddac3 1-2225
hardware/ese-rust-board/ese-rust-board.kicad_pro
  h_2e4fad1f0ddac3 742,761-764
hardware/ese-rust-board/ese-rust-board.kicad_sch
  h_2e4fad1f0ddac3 3737-3760,3775-3783,3785,3789,3828-3847,3858,3860,3866,3899,3911,3929,3965,3995,4037,4055,4067,4091,4280,4340,4350,4420,4500,4530,4560,4640,4700,4770,4830,4840,4850,4870,4900,4970,4990,5040,5110,5130,5170,5260,5290,5310,5330,5410,5420,5430,5460,5470,5480,5510,5790,5860,5910,5930,5940,5946,5980,6030,6049,6079,6089,6159,6199,6249,6259,6390,6401,6412,6422,6433,6444,6828,6838,6849,6860,6871,6882,6893,6920,6931,6942,6952,6963,6974,7494,7504,7515,7526,7537,7548,7559,8004-8005,8013-8015,8022,8025-8026,8033,8036-8037,8048,8058-8059,8069-8070,8080-8100,8103-8106,8111,8118-8119,8128-8130,8140-8141,8151,8162,8172-8173,8184,8189,8196-8197,8205-8208,8217-8218,8227-8228,8239,8249-8250,8260-8261,8272,8275,8280,8287-8289,8443,8454,8465,8476,8487,8498,8641,8652,8663,8673,8684,8695,8835,8846,8856-8857,8868,8879,8890,8901,9217-9218,9226-9228,9237-9238,9247-9248,9259,9269-9270,9280-9281,9292,9302-9303,9429,9440,9451,9462,9473,9484,9495,9506,9509,9514,9521-9522,9530-9532,9537,9541-9542,9552,9563,9573-9574,9584-9585,9596-9599,9604,9611-9612,9620-9622,9627,9631-9632,9642,9653,9663-9664,9674-9675,9686,9689,9694,9701-9702,9710-9712,9722-9723,9732-9733,9743-9744,9754-9755,9766,9771,9779,9787-9789,9800,9810,9821,9832,9843,9848,9856,9864-9866,9877,9888,9899,9910,9921,9932,9943,9954,9957,9962,9969-9970,9978-9980,9987,9990-9991,9998,10001-10002,10013,10023-10024,10034-10035,10045-10065,10068-10071,10076,10198,10209,10220,10230,10241,10252,10276,10287,10298,10309,10320,10331,10358,10368,10378,10388,10399,10410,10421,10448,10459,10469,10479,10490,10501,10612,10622,10632,10642,10653,10664,10675,10702,10712,10722,10732,10743,10754,10765,12064-12149
---
{
  "schema_version": "authorship/3.0.0",
  "git_ai_version": "1.7.4",
  "base_commit_sha": "446e4bf86412c973f74590ad2fc0726625914392",
  "prompts": {},
  "humans": {
    "h_2e4fad1f0ddac3": {
      "author": "JuliDi <julian@systemscape.de>"
    }
  }
}