hardware/ese-rust-board/BME690.kicad_sch
  h_2e4fad1f0ddac3 842,863,878,931,961,1001,1051,1061,1254,1265,1276,1286,1297,1308,1332,1343,1354,1365,1376,1387,1398,1409,1420,1447,1458,1469,1479,1490,1501
hardware/ese-rust-board/RP_DEBUGGER.kicad_sch
  h_2e4fad1f0ddac3 3422-3423,3434-3435,3445,3447,3458,3472,3503,4070,4160,4250,4380,4450,4610,4660,4740,5070,5250,5300,5650,5719,5739,5761,5772,5783,5824,6594,6604,6614,6624,6635,6646,6657,7480,7555,7958,7968,7978,7988,7999,8010,8021,8327,8387,8509,8519,8530,8540,8551,8562,8586,8597,8607,8617,8628,8639,8650,8687,8748,8756,8768,8779,8789,8800,8811,8844,8917,9380,9391,9402,9413,9424,9435,9446,11022,11097
hardware/ese-rust-board/ese-rust-board.kicad_sch
  h_2e4fad1f0ddac3 4016-4017,4028-4029,4040,4054-4055,4078,4089,4099,4110,4121,4131,4141,4151,4162,4171,4189,4201,4219,4237,4243,4249,4255,4261,4267,4273,4279,4291,4309,4315,4321,4333,4339,4345,4351,4357,4363,4369,4375,4387,4393,4423,4429,4435,4447,4483,4489,4495,4499,4503,4507,4511,4515,4519,4523,4527,4531,4535,4539,4543,4547,4551,4555,4559,4563,4567,4571,4575,4579,4583,4587,4591,4595,4599,4604,4614,4624,4634,4664,4684,4694,4704,4714,4724,4744,4754,4774,4784,4814,4834,4844,4854,4864,4874,4884,4894,4924,4934,4944,4974,4984,5024,5034,5044,5054,5064,5074,5084,5094,5104,5114,5124,5154,5164,5174,5194,5204,5214,5244,5254,5284,5294,5304,5314,5324,5344,5354,5364,5414,5444,5454,5464,5474,5484,5494,5514,5524,5534,5554,5564,5574,5584,5594,5604,5614,5624,5634,5654,5674,5684,5704,5714,5734,5784,5794,5814,5824,5844,5854,5874,5884,5904,5914,5924,5934,5954,5964,5984,6004,6014,6024,6044,6054,6064,6074,6084,6094,6104,6114,6124,6134,6144,6154,6164,6184,6194,6214,6244,6254,6284,6304,6314,6324,6334,6354,6374,6384,6404,6424,6434,6444,6454,6464,6474,6494,6504,6514,6524,6534,6544,6554,6564,6574,6584,6594,6604,6614,6624,6634,6654,6664,6674,6734,6744,6754,6774,6784,6794,6804,6824,6834,6854,6874,6914,6924,6933,6963,6983,6993,7003,7023,7033,7043,7053,7063,7073,7083,7093,7103,7123,7133,7163,7193,7203,7223,7243,7253,7263,7273,7283,7293,7313,7343,7353,7373,7383,7394,7404,7415,7426,7437,7448,7459,7470,7481,7514,7524-7525,7536,7543,7547,7558,7569,7585,7593,7603-7604,7615,7626,7637,7648,7659,7678,7695,7792,7800,7810-7811,7822,7832,7843,7854,7870,7878,7889,7900,7910,7921,7932,7956,7966,7977,7987,7998,8009,8033,8044,8054,8064,8075,8086,8097,8124,8132,8135,8146,8157,8168,8179,8190,8217,8228,8239,8246,8250,8261,8272,8296,8306,8317,8327,8338,8349,8373,8384,8395,8406,8417,8428,8439,8450,8714,8724-8725,8736,8747,8758,8769,8780,8799,8816,8913,8921,8932,8943,8953,8964,8975,8999,9007,9010,9021,9032,9043,9054,9065,9101,9198,9215,9312,9320,9329-9330,9341,9351,9362,9373,9389,9397,9407-9408,9419,9430,9441,9452,9463,9482,9499,9596,9604,9613-9614,9625,9636,9647,9658,9669,9680,9691,9710,9718,9727-9728,9739,9750,9761,9772,9788,9796,9807,9817,9827,9838,9849,9860,9887,9898,9909,9919,9930,9941,9974,10034,10042,10054,10065,10076,10087,10098,10125,10137,10148,10159,10170,10181,10192,10203,10214,10250,10347,10355,10367,10378,10389,10400,10411,10422,10433,10444,10471,10482,10493,10504,10515,10526,10537,10570,10582,10593,10604,10615,10626,10637,10648,10659,10773,10833,10841,10850-10851,10861,10871,10882,10893,10904,10923,10931,10940-10941,10951,10961,10972,10983,10994,11005,11016,11035,11043,11053-11054,11065,11076,11087,11098,11109,11128,11136,11146-11147,11158,11168,11179,11190,11206,11214,11224-11225,11236,11246,11257,11268,11284,11292,11302-11303,11314,11325,11336,11347,11363,11380,11477,11485,11494-11495,11505,11515,11526,11537,11548,11567,11575,11584-11585,11595,11605,11616,11627,11638,11657,11674,11734,11742,11751-11752,11763,11773,11784,11795,11811,11828,11925,11933,11942-11943,11954,11965,11976,11987,11998,12009,12020,12039,12047,12056-12057,12068,12079,12090,12101,12112,12131,12148,12245,12253,12265,12276,12287,12298,12309,12336,12345-12346,12356,12366,12377,12388,12399,12418,12426,12437,12447,12457,12468,12479,12490,12501,12512,12523,12534,12567,12578,12589,12599,12610,12621,12645,12654-12655,12666,12677,12688,12699,12710,12729,12737,12747-12748,12759,12770,12781,12792,12803,12822,12830,12839-12840,12851,12862,12873,12884,12895,12914,12931,13028,13045,13142,13150,13161,13172,13182,13193,13204,13228,13238-13239,13250,13257,13261,13272,13283,13299,13307,13317-13318,13329,13340,13351,13362,13373,13392,13400,13409-13410,13421,13432,13443,13454,13465,13484,13492,13502,13513,13524,13535,13546,13557,13568,13579,13590,13601,13612,13623,13634,13670,13767,13775,13787,13798,13808,13819,13830,13863,13960,13968,13979,13990,14001,14012,14023,14034,14045,14056,14083,14093-14094,14105,14116,14127,14138,14149,14168,14351,14367,14378,14389,14399,14409,14419,14429,14439,14449,14459,14469,14479,14613,14629,14640,14651,14661
hardware/ese-rust-board/usb.kicad_sch
  h_2e4fad1f0ddac3 5872,5945,6147,6233,6443,6518,6536,6596,6614,6674,6691,6775,6793,6879,6897,6983,7001,7061,7172,7232,7348,7423,7566,7626,7644,7730,7749,7822,8026,8112,8129,8202,8220,8281,8392,8478,8575,8635,8653,8713,8731,8792,8810,8871,8979,9040,9058,9119,9136,9209,9227,9287,9674,9734,9841,9927,9945,10005,10023,10096,10218,10278
---
{
  "schema_version": "authorship/3.0.0",
  "git_ai_version": "1.7.5",
  "base_commit_sha": "fb56ec26b1475694172e02a198e59efa42c23b46",
  "prompts": {},
  "humans": {
    "h_2e4fad1f0ddac3": {
      "author": "JuliDi <julian@systemscape.de>"
    }
  }
}