hardware/ese-rust-board/ese-rust-board.kicad_pro
  h_2e4fad1f0ddac3 686-703,706,748-755,768
hardware/ese-rust-board/ese-rust-board.kicad_sch
  h_2e4fad1f0ddac3 3878,3889-3890,3915-3916,3981,4012,4022,4083,4101,4124-4135,4149,4178-4183,4190-4195,4203,4269,4287,4474,4480,4524,4530,4534,4540,4544,4550,4634,4724,4754,4784,4864,4934,4962-4971,5094,5144,5154,5174,5180,5204,5314,5404,5442-5451,5492-5501,5514,5544,5714,5744,5784,5832-5841,5874,5894,5904,5934,5940,5944,5954,5994,6082-6091,6122-6131,6272-6281,6414,6504,6524,6532-6541,6594,6634-6644,6683,6713,6753,6853,6933,7003,7023,7154,7165,7176,7186,7197,7208,7855,7866,7877,7887,7898,7909,8349-8441,8636,8646,8657,8668,8679,8690,8701,9031-9123,9354,9365,9376,9386,9397,9408,9678-9679,9690,9697,9701,9708,9712,9723,9734,10107,10118,10129,10140,10151,10162,10173,10677-10769,11043,11053,11063,11073,11084,11095,11106,11133,11143,11153,11163,11174,11185,11196,11811,11822,11833,11843,11854,11865,11889-11890,11901,11908,11912,11919,11923,11934,11945,11972,11982,11992,12002,12013,12024,12035,12062,12073,12083,12093,12104,12115-12170,12281,12291,12301,12311,12322,12333,12344,12464,12474,12484,12494,12505,12516,12527,12860,12870,12881,12892,12903,12914,13712-13804
"hardware/ese-rust-board/libs/PSpice_WL-SFTW (rev25a)/Disclaimer_READ_ME.txt"
  h_2e4fad1f0ddac3 1-10
"hardware/ese-rust-board/libs/PSpice_WL-SFTW (rev25a)/WL-SFTW.lib"
  h_2e4fad1f0ddac3 1-254
---
{
  "schema_version": "authorship/3.0.0",
  "git_ai_version": "1.7.4",
  "base_commit_sha": "b5ff80f27877578ef9be67d59b98550e98d36ac5",
  "prompts": {},
  "humans": {
    "h_2e4fad1f0ddac3": {
      "author": "JuliDi <julian@systemscape.de>"
    }
  }
}